2909
2913
2916
2921
2922
2925
2927
2928
2930
2933
2936
3002
3005
3008
3014
3015
3017
3024
3025
3027
3035
3036
3045
3053
3054
3055
3057
3102
3110
3115
3122
3124
3128
3132
3133
3136
3140
3143
3146
3149
3153
3159
3162
3166
3169
3201
3202
3203
3204
3206
3219
3221
3222
3226
3227
3229
3231
3233
3234
3235
3236
3239
3240
3242
3244
3251
3254
3256
3257
3263
3265
3266
3268
3301
3307
3309
3310
3311
3313
3319
3326
3328
3330
3401
3403
3408
3409
3410
3419
3420
3421
3422
3502
3503
3504
3506
3510
3511
3512
3516
3520
3521
3523
3525
3532
3533
3535
3543
3553
3559
3565
3567
3569
3612
3615
3616
3617
3618
3619
3626
3628
3630
3631
3633
3636
3637
3638
3641
3644
3650
3701
3709
3719
3720
3724
3725
3734
3739
3740
3751
3755
3802
3901
3902
3914
3917
3924
3929
3931
3932
3936
3938
3943
3947
3951
3954
3959
4001
4002
4004
4008
4010
4012
4016
4019
4021
4024
4029
4035
4036
4042
4045
4047
4050
4053
4056
4062
4070
4208
4212
4213
4215
4218
4220
4221
4224
4225
4233
4235
4239
4302
4504
4508
4516
4517
4522
4523
4525
4530
18724300